1122328377227565294573525668246252925164246287987784122693983869922222576473238222367725229292476776
3439534344443341434449413434544546443313443434337243446444273233229964474333524343343263333397462332
6446534656654345665545756845652445664554567453344355533455445732365554785365556466544424657625334454
5764366546346565433173426656673446256755342552276356475358736554561768323235448436642626716668436552
2432245322434343223312234234145234422422151425334232333434465223124422432123313313144223245434213122
6373269138466626334224232272352251726573428236361362251272335335353545412626366252362443323122568732
5673357339533533557574944447475576653565555474357764385574312376575243553954836367339357555551434444
3232332132231233321122322231333232213233313332432312143232132213233232233243131223222222233422123252
2532332134274262221121535425342131732342222326625224242334335132442252434322423352213461259334224487
7565667856454556567454551653458944467437678656453544834356545556463354463263379773577656253433555445
1376533544556457252934534268532349354424919842725952222763551835834557316545232355343561434353534372
2523224493232433232232455126224252263322422141222233724236541332332735342832245213233463352313233144
2125433524432544443453442442415232314454515362344343344431423442473342513223323343242354443455412243
2223253513531336231535341344345453334337333533533361233323412322433143663333333373465253335734633327
4222443232236314324237231323222882275222733343331312832133839321228313232237135332232232382344322422
2531231222624224222222221242321222233212232242324222212221311445532222222224121224222222221252222524
1282322243523323214433323343353334144321323323232732322223331131423423332423323326142343424314333343
2233222322332112322233213222336221232222222214321225322213222122222352112222251322233152122421233222
2133332225122552132443253453123412221223124644261212221552222235242211223223252155412122322122223222
2342322335344224245235521242242243244442442432343445366241334834335442144222344342324144436322223252
2255222226226744212232452222211222226644152224654642222241212623263422212222222123625471252525231222
5253225434222243232256531212424522455213211226332242213164222254163325125452125461243424432232521451
4288524434546485223254522441625265492255546828544443435345215657285553533178244452552176455574652293
3235223132313212332222313343333222533331243421222333232232242221233321253222222311122211231321322323
4123522222232222222222212221222312422443212311122224412242222422224221222222222421211512213232212222
3322373222222242321232243243233223232232512214323122273433454631213413261244431323333233422222231333
2436942332444453225144242332328323644174461313334813734323432222643133233737233352242843536483323424
6623144536217362257362532276645667275225345632247317547264542717622752322512614462233614623212714313
7643456556435262153535522356454446472226533567512621825444284454542422642342465553247415548425143345
4232122253524333334533233324453222123233355235433223215572332412412135421543333225525442333542135342
4323634634112252442592132533345314252129523914383352446365752563854222222135312255213224324234346522
4353236333333443555453153222447234744855224242235222342821423544314432335143463324453212425243526253
4534533361674341342373533433515133733463337326382435134633116532215664264731353346325231336324543442
2441442233421553345123135143544543514414123543133232143423433134342241153555343533344332141124526789
2212132232223312224121332321533433233231422432232322122242112121722221232232333333243232232321421332
8276778647457225634262651262236665334746366328315345666276362545653426736648663235942674241466416645
6757738683896779756978663273677647866865646763676539757557937794766886638666596578695866568667655479
3235324533378448433335274942743645133375734577352715333261865358656374737284338777478232537365245343
4544353485657685546454346442946313765454162559656661655383342671254345353453455264741766557648336668
4264444443344473336242134323433423332343324333333254454443353213543335532443424243315435135233422373
1432231244233483432121332254224143463222222243441213141223116223382721445238114213423233232232332221
2222232322231222124222632512222322213212221522222322622211221322323233231312252122312222125222322125
5366463442922353342532343315353122223432333452564936553861366438243355223456466376443429233733334342
3333313233338514434336423444332456333438337336334342944347366333335933448363374642593526334235338432
4222227222723244622222522625222227222591432114121271213422152232224222226451352886471215497226325622
1111232241325222223121223534135331234513222224322152124231242425541542225512524325733232352114412425
2223242372213783432244443234232241344257232234142233121223233244472224342214321145234135323222432222
7222442251221342522212221263241222371222232252234532724122222223222242224126211222532342223261652272
4123225523222243223332322233234223232323322421142343312222229252254332222231193233834232232232232342
2455764672725285657557127457517886446383484443658853833551482862866696188528695445645864389836857824
